$ 1 0.000005 10.20027730826997 50 5 50
v 304 384 304 304 0 0 40 5.56 0 0 0.5
s 336 256 400 256 0 0 false
w 336 256 304 256 0
w 304 256 304 304 0
w 400 256 432 256 0
w 432 256 432 336 0
r 432 336 432 448 0 10000
w 304 384 304 496 0
w 304 496 432 496 0
w 432 256 512 256 0
w 512 432 544 432 0
t 544 432 576 432 0 1 0.6230467165687117 0.6842014194689936 100
w 576 448 576 496 0
w 576 496 432 496 0
w 576 208 304 208 0
w 304 208 304 256 0
w 576 368 624 368 0
r 624 368 688 368 0 1000
w 688 368 720 368 0
t 720 368 768 368 0 1 -5.498845285798842 0.0600941181017876 100
w 576 208 768 208 0
w 768 496 576 496 0
r 768 224 768 288 0 10000
r 576 256 576 320 0 220
w 576 256 576 208 0
w 576 320 576 368 0
w 432 448 432 496 0
162 512 352 512 400 2 default-led 1 0 0 0.01
w 512 416 512 432 0
r 512 288 512 336 0 1000
w 512 336 512 352 0
w 512 400 512 416 0
w 512 256 512 288 0
w 576 368 576 416 0
162 768 432 768 464 2 default-led 1 0 0 0.01
w 768 336 768 352 0
w 768 208 768 224 0
w 768 288 768 336 0
w 768 384 768 432 0
w 768 464 768 496 0
